; input file for the gadget model
; created automatically from Rgadget
; params.in - Tue Jun 16 12:43:10 2015
switch	value	lower	upper	optimise
Linf	19	14	30	1
kappa	0.89	0.05	1.2	1
alpha	3.128958e-06	1e-07	10	0
beta	3.277667619	1e-04	10	0
bbeta	1	0.01	5000	1
anchalpha88	1	0.1	1.5	1
anchalpha01	1	0.1	1.5	1
anchL5088	8	1	20	1
anchL5001	10	6	15	1
constant	random	0.2	1.5	1
l50		random	2	20	1
constanteco	random	0.2	2.2	1
l50eco		10	2	20	1
constantpel	random	0.2	1.5	1
l50pel		10	2	20	1
constantecorec	random	0.2	3	1
l50ecorec		10	2	20	1
constantarsa	random	0.01	1.5	1
l50arsa		random	2	30	1
recl	8	3	15	1
sdrecl	1	0.5	4	1
reclm	5	3	15	1
sdreclm	1	0.5	3	1
sdrecl4	1	0.5	4	1
rec79	100	1e-06	1000	1
rec80	100	1e-06	1000	1
rec81	100	1e-06	1000	1
rec82	100	1e-06	1000	1
rec83	100	1e-06	1000	1
rec84	100	1e-06	1000	1
rec85	100	1e-06	1000	1
rec86	100	1e-06	1000	1	
rec87	100	1e-06	1000	1
rec88	100	1e-06	1000	1
rec89	100	1e-06	1000	1
rec90	100	1e-06	1000	1
rec91	100	1e-06	1000	1
rec92	100	1e-06	1000	1
rec93	100	1e-06	1000	1
rec94	100	1e-06	1000	1
rec95	100	1e-06	1000	1
rec96	100	1e-06	1000	1
rec97	100	1e-06	1000	1
rec98	100	1e-06	1000	1
rec99	100	1e-06	1000	1
rec00	100	1e-06	1000	1
rec01	100	1e-06	1000	1
rec02	100	1e-06	1000	1
rec03	100	1e-06	1000	1
rec04	100	1e-06	1000	1
rec05	100	1e-06	1000	1
rec06	100	1e-06	1000	1
rec07	100	1e-06	1000	1
rec08	100	1e-06	1000	1
rec09	100	1e-06	1000	1
rec10	100	1e-06	1000	1
rec11	100	1e-06	1000	1
rec12	100	1e-06	1000	1
rec13	100	1e-06	1000	1
rec14	100	1e-06	1000	1
rec15	100	1e-06	1000	1
rec16	100	1e-06	1000	1
rec17	100	1e-06	1000	1
rec18	100	1e-06	1000	1
rec19	100	1e-06	1000	1
rec20	100	1e-06	1000	1
rec21	100	1e-06	1000	1
rec22	100	1e-06	1000	1
init0	1	1e-06	2	1
init1	1	1e-06	3	1	
init2	1	1e-06	1.5	1
init3	1	1e-07	1.1	1
P388	0.5	0	1	1
P389	0.5	0	1	1
P390	0.5	0	1	1
P391	0.5	0	1	1
P392	0.5	0	1	1
P393	0.5	0	1	1
P394	0.5	0	1	1
P395	0.5	0	1	1
P396	0.5	0	1	1
P397	0.5	0	1	1
P398	0.5	0	1	1
P399	0.5	0	1	1
P300	0.5	0	1	1
P301	0.5	0	1	1
P302	0.5	0	1	1
P303	0.5	0	1	1
P304	0.5	0	1	1
P305	0.5	0	1	1
P306	0.5	0	1	1
P307	0.5	0	1	1
P308	0.5	0	1	1
P309	0.5	0	1	1
P310	0.5	0	1	1
P311	0.5	0	1	1
P312	0.5	0	1	1
P313	0.5	0	1	1
P314	0.5	0	1	1
P488	0.5	0	1	1
P489	0.5	0	1	1
P490	0.5	0	1	1
P491	0.5	0	1	1
P492	0.5	0	1	1
P493	0.5	0	1	1
P494	0.5	0	1	1
P495	0.5	0	1	1
P496	0.5	0	1	1
P497	0.5	0	1	1
P498	0.5	0	1	1
P499	0.5	0	1	1
P400	0.5	0	1	1
P401	0.5	0	1	1
P402	0.5	0	1	1
P403	0.5	0	1	1
P404	0.5	0	1	1
P405	0.5	0	1	1
P406	0.5	0	1	1
P407	0.5	0	1	1
P408	0.5	0	1	1
P409	0.5	0	1	1
P410	0.5	0	1	1
P411	0.5	0	1	1
P412	0.5	0	1	1
P413	0.5	0	1	1
P414	0.5	0	1	1
P315	0.5	0	1	1
P415	0.5	0	1	1
P316	0.5	0	1	1
P416	0.5	0	1	1
P317	0.5	0	1	1
P417	0.5	0	1	1
P318	0.5	0	1	1
P418	0.5	0	1	1
P319	0.5	0	1	1
P419	0.5	0	1	1
P320	0.5	0	1	1
P420	0.5	0	1	1
P321	0.5	0	1	1
P421	0.5	0	1	1
P322	0.5	0	1	1
P422	0.5	0	1	1
P288	           0.5	0	1	1
sdrecl2	           1	0.5	4	1
P289	           0.5	0	1	1
P290	           0.5	0	1	1
P291	           0.5	0	1	1
P292	           0.5	0	1	1
P293	           0.5	0	1	1
P294	           0.5	0	1	1
P295	           0.5	0	1	1
P296	           0.5	0	1	1
P297	           0.5	0	1	1
P298	           0.5	0	1	1
P299	           0.5	0	1	1
P200	           0.5	0	1	1
P201	           0.5	0	1	1
P202	           0.5	0	1	1
P203	           0.5	0	1	1
P204	           0.5	0	1	1
P205	           0.5	0	1	1
P206	           0.5	0	1	1
P207	           0.5	0	1	1
P208	           0.5	0	1	1
P209	           0.5	0	1	1
P210	           0.5	0	1	1
P211	           0.5	0	1	1
P212	           0.5	0	1	1
P213	           0.5	0	1	1
P214	           0.5	0	1	1
P215	           0.5	0	1	1
P216	           0.5	0	1	1
P217	           0.5	0	1	1
P218	           0.5	0	1	1
P219	           0.5	0	1	1
P220	           0.5	0	1	1
P221	           0.5	0	1	1